"Flight Date","Flight No.",Route,"Paying Pax","Non-Paying Pax","Total Pax"
2017-04-11,"GA 648","CGK3-?
(Domestic)","125 ",15,140
2017-04-11,"GA 646","CGK3-AMQ
(Domestic)","112 ",4,116
2017-04-11,"GA 536","CGK3-BDJ
(Domestic)","55 ",16,71
2017-04-11,"GA 530","CGK3-BDJ
(Domestic)","143 ",1,144
2017-04-11,"GA 532","CGK3-BDJ
(Domestic)","124 ",18,142
2017-04-11,"GA 534","CGK3-BDJ
(Domestic)","75 ",9,84
2017-04-11,"GA 538","CGK3-BDJ
(Domestic)","40 ",9,49
2017-04-11,"GA 528","CGK3-BDJ
(Domestic)","61 ",5,66
2017-04-11,"GA 296","CGK3-BKS
(Domestic)","73 ",4,77
2017-04-11,"GA 298","CGK3-BKS
(Domestic)","66 ",44,110
2017-04-11,"GA 570","CGK3-BPN
(Domestic)","131 ",8,139
2017-04-11,"GA 564","CGK3-BPN
(Domestic)","144 ",8,152
2017-04-11,"GA 560","CGK3-BPN
(Domestic)","159 ",0,159
2017-04-11,"GA 572","CGK3-BPN
(Domestic)","110 ",17,127
2017-04-11,"GA 566","CGK3-BPN
(Domestic)","87 ",19,106
2017-04-11,"GA 568","CGK3-BPN
(Domestic)","128 ",11,139
2017-04-11,"GA 576","CGK3-BPN
(Domestic)","81 ",4,85
2017-04-11,"GA 156","CGK3-BTH
(Domestic)","126 ",11,137
2017-04-11,"GA 150","CGK3-BTH
(Domestic)","116 ",0,116
2017-04-11,"GA 152","CGK3-BTH
(Domestic)","110 ",40,150
2017-04-11,"GA 158","CGK3-BTH
(Domestic)","124 ",13,137
2017-04-11,"GA 154","CGK3-BTH
(Domestic)","118 ",23,141
2017-04-11,"GA 140","CGK3-BTJ
(Domestic)","126 ",2,128
2017-04-11,"GA 146","CGK3-BTJ
(Domestic)","94 ",26,120
2017-04-11,"GA 142","CGK3-BTJ
(Domestic)","103 ",13,116
2017-04-11,"GA 128","CGK3-DJB
(Domestic)","53 ",11,64
2017-04-11,"GA 134","CGK3-DJB
(Domestic)","99 ",23,122
2017-04-11,"GA 126","CGK3-DJB
(Domestic)","91 ",9,100
2017-04-11,"GA 132","CGK3-DJB
(Domestic)","63 ",5,68
2017-04-11,"GA 130","CGK3-DJB
(Domestic)","97 ",0,97
2017-04-11,"GA 656","CGK3-DJJ
(Domestic)","90 ",13,103
2017-04-11,"GA 652","CGK3-DPS
(Domestic)","132 ",3,135
2017-04-11,"GA 420","CGK3-DPS
(Domestic)","112 ",20,132
2017-04-11,"GA 414","CGK3-DPS
(Domestic)","124 ",20,144
2017-04-11,"GA 418","CGK3-DPS
(Domestic)","174 ",8,182
2017-04-11,"GA 426","CGK3-DPS
(Domestic)","137 ",24,161
2017-04-11,"GA 424","CGK3-DPS
(Domestic)","87 ",4,91
2017-04-11,"GA 422","CGK3-DPS
(Domestic)","211 ",19,230
2017-04-11,"GA 412","CGK3-DPS
(Domestic)","197 ",15,212
2017-04-11,"GA 410","CGK3-DPS
(Domestic)","190 ",44,234
2017-04-11,"GA 408","CGK3-DPS
(Domestic)","119 ",39,158
2017-04-11,"GA 404","CGK3-DPS
(Domestic)","134 ",27,161
2017-04-11,"GA 402","CGK3-DPS
(Domestic)","223 ",4,227
2017-04-11,"GA 400","CGK3-DPS
(Domestic)","152 ",1,153
2017-04-11,"GA 438","CGK3-DPS
(Domestic)","161 ",1,162
2017-04-11,"GA 268","CGK3-DTB
(Domestic)","87 ",4,91
2017-04-11,"GA 208","CGK3-JOG
(Domestic)","111 ",46,157
2017-04-11,"GA 218","CGK3-JOG
(Domestic)","93 ",16,109
2017-04-11,"GA 214","CGK3-JOG
(Domestic)","150 ",10,160
2017-04-11,"GA 212","CGK3-JOG
(Domestic)","124 ",21,145
2017-04-11,"GA 210","CGK3-JOG
(Domestic)","118 ",35,153
2017-04-11,"GA 206","CGK3-JOG
(Domestic)","150 ",12,162
2017-04-11,"GA 204","CGK3-JOG
(Domestic)","152 ",1,153
2017-04-11,"GA 202","CGK3-JOG
(Domestic)","142 ",0,142
2017-04-11,"GA 216","CGK3-JOG
(Domestic)","123 ",30,153
2017-04-11,"GA 122","CGK3-KNO
(Domestic)","85 ",16,101
2017-04-11,"GA 118","CGK3-KNO
(Domestic)","102 ",19,121
2017-04-11,"GA 180","CGK3-KNO
(Domestic)","98 ",2,100
2017-04-11,"GA 186","CGK3-KNO
(Domestic)","125 ",12,137
2017-04-11,"GA 182","CGK3-KNO
(Domestic)","127 ",9,136
2017-04-11,"GA 184","CGK3-KNO
(Domestic)","139 ",11,150
2017-04-11,"GA 188","CGK3-KNO
(Domestic)","116 ",10,126
2017-04-11,"GA 190","CGK3-KNO
(Domestic)","120 ",10,130
2017-04-11,"GA 196","CGK3-KNO
(Domestic)","90 ",14,104
2017-04-11,"GA 194","CGK3-KNO
(Domestic)","118 ",1,119
2017-04-11,"GA 192","CGK3-KNO
(Domestic)","90 ",28,118
2017-04-11,"GA 456","CGK3-KOE
(Domestic)","49 ",0,49
2017-04-11,"GA 452","CGK3-LBJ
(Domestic)","63 ",2,65
2017-04-11,"GA 430","CGK3-LOP
(Domestic)","128 ",21,149
2017-04-11,"GA 440","CGK3-LOP
(Domestic)","101 ",30,131
2017-04-11,"GA 434","CGK3-LOP
(Domestic)","146 ",0,146
2017-04-11,"GA 432","CGK3-LOP
(Domestic)","126 ",17,143
2017-04-11,"GA 606","CGK3-MDC
(Domestic)","65 ",8,73
2017-04-11,"GA 626","CGK3-MDC
(Domestic)","65 ",20,85
2017-04-11,"GA 602","CGK3-MDC
(Domestic)","110 ",4,114
2017-04-11,"GA 600","CGK3-MDC
(Domestic)","81 ",13,94
2017-04-11,"GA 290","CGK3-MLG
(Domestic)","125 ",21,146
2017-04-11,"GA 292","CGK3-MLG
(Domestic)","99 ",16,115
2017-04-11,"GA 148","CGK3-PDG
(Domestic)","113 ",17,130
2017-04-11,"GA 124","CGK3-PDG
(Domestic)","94 ",5,99
2017-04-11,"GA 160","CGK3-PDG
(Domestic)","116 ",0,116
2017-04-11,"GA 162","CGK3-PDG
(Domestic)","84 ",44,128
2017-04-11,"GA 168","CGK3-PDG
(Domestic)","78 ",31,109
2017-04-11,"GA 164","CGK3-PDG
(Domestic)","110 ",20,130
2017-04-11,"GA 166","CGK3-PDG
(Domestic)","105 ",15,120
2017-04-11,"GA 136","CGK3-PGK
(Domestic)","94 ",9,103
2017-04-11,"GA 138","CGK3-PGK
(Domestic)","78 ",13,91
2017-04-11,"GA 176","CGK3-PKU
(Domestic)","46 ",15,61
2017-04-11,"GA 178","CGK3-PKU
(Domestic)","87 ",14,101
2017-04-11,"GA 198","CGK3-PKU
(Domestic)","92 ",20,112
2017-04-11,"GA 174","CGK3-PKU
(Domestic)","99 ",4,103
2017-04-11,"GA 172","CGK3-PKU
(Domestic)","133 ",12,145
2017-04-11,"GA 170","CGK3-PKU
(Domestic)","143 ",2,145
2017-04-11,"GA 144","CGK3-PKU
(Domestic)","61 ",53,114
2017-04-11,"GA 550","CGK3-PKY
(Domestic)","137 ",0,137
2017-04-11,"GA 552","CGK3-PKY
(Domestic)","118 ",10,128
2017-04-11,"GA 114","CGK3-PLM
(Domestic)","44 ",1,45
2017-04-11,"GA 104","CGK3-PLM
(Domestic)","138 ",23,161
2017-04-11,"GA 108","CGK3-PLM
(Domestic)","103 ",28,131
2017-04-11,"GA 102","CGK3-PLM
(Domestic)","155 ",0,155
2017-04-11,"GA 110","CGK3-PLM
(Domestic)","88 ",14,102
2017-04-11,"GA 106","CGK3-PLM
(Domestic)","131 ",26,157
2017-04-11,"GA 112","CGK3-PLM
(Domestic)","72 ",20,92
2017-04-11,"GA 116","CGK3-PLM
(Domestic)","46 ",16,62
2017-04-11,"GA 100","CGK3-PLM
(Domestic)","140 ",0,140
2017-04-11,"GA 120","CGK3-PLM
(Domestic)","80 ",26,106
2017-04-11,"GA 622","CGK3-PLW
(Domestic)","147 ",9,156
2017-04-11,"GA 502","CGK3-PNK
(Domestic)","112 ",7,119
2017-04-11,"GA 508","CGK3-PNK
(Domestic)","43 ",8,51
2017-04-11,"GA 504","CGK3-PNK
(Domestic)","70 ",3,73
2017-04-11,"GA 514","CGK3-PNK
(Domestic)","78 ",10,88
2017-04-11,"GA 512","CGK3-PNK
(Domestic)","92 ",14,106
2017-04-11,"GA 510","CGK3-PNK
(Domestic)","39 ",7,46
2017-04-11,"GA 500","CGK3-PNK
(Domestic)","91 ",3,94
2017-04-11,"GA 8042","CGK3-SOC
(Domestic)","156 ",1,157
2017-04-11,"GA 222","CGK3-SOC
(Domestic)","117 ",11,128
2017-04-11,"GA 224","CGK3-SOC
(Domestic)","57 ",21,78
2017-04-11,"GA 226","CGK3-SOC
(Domestic)","75 ",14,89
2017-04-11,"GA 228","CGK3-SOC
(Domestic)","47 ",11,58
2017-04-11,"GA 244","CGK3-SRG
(Domestic)","157 ",4,161
2017-04-11,"GA 242","CGK3-SRG
(Domestic)","142 ",9,151
2017-04-11,"GA 240","CGK3-SRG
(Domestic)","122 ",25,147
2017-04-11,"GA 238","CGK3-SRG
(Domestic)","123 ",30,153
2017-04-11,"GA 234","CGK3-SRG
(Domestic)","142 ",12,154
2017-04-11,"GA 236","CGK3-SRG
(Domestic)","139 ",17,156
2017-04-11,"GA 232","CGK3-SRG
(Domestic)","149 ",10,159
2017-04-11,"GA 230","CGK3-SRG
(Domestic)","142 ",18,160
2017-04-11,"GA 246","CGK3-SRG
(Domestic)","131 ",20,151
2017-04-11,"GA 320","CGK3-SUB
(Domestic)","123 ",18,141
2017-04-11,"GA 302","CGK3-SUB
(Domestic)","150 ",1,151
2017-04-11,"GA 304","CGK3-SUB
(Domestic)","152 ",2,154
2017-04-11,"GA 448","CGK3-SUB
(Domestic)","111 ",12,123
2017-04-11,"GA 306","CGK3-SUB
(Domestic)","161 ",0,161
2017-04-11,"GA 328","CGK3-SUB
(Domestic)","142 ",7,149
2017-04-11,"GA 326","CGK3-SUB
(Domestic)","144 ",10,154
2017-04-11,"GA 324","CGK3-SUB
(Domestic)","146 ",12,158
2017-04-11,"GA 322","CGK3-SUB
(Domestic)","134 ",4,138
2017-04-11,"GA 318","CGK3-SUB
(Domestic)","180 ",13,193
2017-04-11,"GA 316","CGK3-SUB
(Domestic)","119 ",23,142
2017-04-11,"GA 310","CGK3-SUB
(Domestic)","154 ",7,161
2017-04-11,"GA 314","CGK3-SUB
(Domestic)","195 ",13,208
2017-04-11,"GA 308","CGK3-SUB
(Domestic)","150 ",9,159
2017-04-11,"GA 312","CGK3-SUB
(Domestic)","133 ",20,153
2017-04-11,"GA 284","CGK3-TJQ
(Domestic)","53 ",15,68
2017-04-11,"GA 282","CGK3-TJQ
(Domestic)","89 ",2,91
2017-04-11,"GA 68","CGK3-TKG
(Domestic)","64 ",14,78
2017-04-11,"GA 70","CGK3-TKG
(Domestic)","46 ",2,48
2017-04-11,"GA 72","CGK3-TKG
(Domestic)","129 ",5,134
2017-04-11,"GA 74","CGK3-TKG
(Domestic)","74 ",21,95
2017-04-11,"GA 76","CGK3-TKG
(Domestic)","79 ",26,105
2017-04-11,"GA 78","CGK3-TKG
(Domestic)","109 ",11,120
2017-04-11,"GA 80","CGK3-TKG
(Domestic)","120 ",0,120
2017-04-11,"GA 286","CGK3-TNJ
(Domestic)","111 ",12,123
2017-04-11,"GA 668","CGK3-TRK
(Domestic)","80 ",1,81
2017-04-11,"GA 650","CGK3-UPG
(Domestic)","93 ",16,109
2017-04-11,"GA 654","CGK3-UPG
(Domestic)","90 ",5,95
2017-04-11,"GA 610","CGK3-UPG
(Domestic)","129 ",6,135
2017-04-11,"GA 612","CGK3-UPG
(Domestic)","177 ",4,181
2017-04-11,"GA 614","CGK3-UPG
(Domestic)","96 ",2,98
2017-04-11,"GA 618","CGK3-UPG
(Domestic)","139 ",12,151
2017-04-11,"GA 608","CGK3-UPG
(Domestic)","155 ",9,164
2017-04-11,"GA 640","CGK3-UPG
(Domestic)","118 ",8,126
2017-04-11,"GA 642","CGK3-UPG
(Domestic)","162 ",1,163
2017-04-11,"GA 604","CGK3-UPG
(Domestic)","159 ",0,159
2017-04-11,"GA 616","CGK3-UPG
(Domestic)","102 ",38,140
