"Flight Date","Flight No.",Route,"Paying Pax","Non-Paying Pax","Total Pax"
2017-04-14,"GA 648","CGK3-?
(Domestic)","110 ",9,119
2017-04-14,"GA 646","CGK3-AMQ
(Domestic)","81 ",4,85
2017-04-14,"GA 534","CGK3-BDJ
(Domestic)","92 ",10,102
2017-04-14,"GA 538","CGK3-BDJ
(Domestic)","29 ",7,36
2017-04-14,"GA 530","CGK3-BDJ
(Domestic)","158 ",5,163
2017-04-14,"GA 532","CGK3-BDJ
(Domestic)","142 ",12,154
2017-04-14,"GA 536","CGK3-BDJ
(Domestic)","56 ",11,67
2017-04-14,"GA 528","CGK3-BDJ
(Domestic)","107 ",8,115
2017-04-14,"GA 296","CGK3-BKS
(Domestic)","162 ",1,163
2017-04-14,"GA 298","CGK3-BKS
(Domestic)","135 ",23,158
2017-04-14,"GA 566","CGK3-BPN
(Domestic)","81 ",12,93
2017-04-14,"GA 570","CGK3-BPN
(Domestic)","122 ",4,126
2017-04-14,"GA 572","CGK3-BPN
(Domestic)","120 ",10,130
2017-04-14,"GA 576","CGK3-BPN
(Domestic)","96 ",5,101
2017-04-14,"GA 568","CGK3-BPN
(Domestic)","106 ",8,114
2017-04-14,"GA 560","CGK3-BPN
(Domestic)","134 ",2,136
2017-04-14,"GA 564","CGK3-BPN
(Domestic)","116 ",15,131
2017-04-14,"GA 152","CGK3-BTH
(Domestic)","135 ",14,149
2017-04-14,"GA 150","CGK3-BTH
(Domestic)","154 ",3,157
2017-04-14,"GA 154","CGK3-BTH
(Domestic)","131 ",7,138
2017-04-14,"GA 158","CGK3-BTH
(Domestic)","59 ",32,91
2017-04-14,"GA 156","CGK3-BTH
(Domestic)","81 ",25,106
2017-04-14,"GA 140","CGK3-BTJ
(Domestic)","103 ",8,111
2017-04-14,"GA 146","CGK3-BTJ
(Domestic)","100 ",16,116
2017-04-14,"GA 142","CGK3-BTJ
(Domestic)","39 ",42,81
2017-04-14,"GA 130","CGK3-DJB
(Domestic)","145 ",2,147
2017-04-14,"GA 134","CGK3-DJB
(Domestic)","104 ",34,138
2017-04-14,"GA 126","CGK3-DJB
(Domestic)","140 ",18,158
2017-04-14,"GA 132","CGK3-DJB
(Domestic)","119 ",35,154
2017-04-14,"GA 656","CGK3-DJJ
(Domestic)","79 ",9,88
2017-04-14,"GA 652","CGK3-DPS
(Domestic)","86 ",12,98
2017-04-14,"GA 410","CGK3-DPS
(Domestic)","231 ",13,244
2017-04-14,"GA 420","CGK3-DPS
(Domestic)","115 ",19,134
2017-04-14,"GA 418","CGK3-DPS
(Domestic)","130 ",4,134
2017-04-14,"GA 426","CGK3-DPS
(Domestic)","204 ",1,205
2017-04-14,"GA 424","CGK3-DPS
(Domestic)","57 ",5,62
2017-04-14,"GA 422","CGK3-DPS
(Domestic)","197 ",10,207
2017-04-14,"GA 414","CGK3-DPS
(Domestic)","135 ",13,148
2017-04-14,"GA 412","CGK3-DPS
(Domestic)","156 ",5,161
2017-04-14,"GA 408","CGK3-DPS
(Domestic)","156 ",10,166
2017-04-14,"GA 404","CGK3-DPS
(Domestic)","156 ",8,164
2017-04-14,"GA 402","CGK3-DPS
(Domestic)","246 ",15,261
2017-04-14,"GA 400","CGK3-DPS
(Domestic)","157 ",3,160
2017-04-14,"GA 438","CGK3-DPS
(Domestic)","161 ",6,167
2017-04-14,"GA 268","CGK3-DTB
(Domestic)","93 ",9,102
2017-04-14,"GA 1440","CGK3-DUM
(Domestic)","35 ",1,36
2017-04-14,"GA 208","CGK3-JOG
(Domestic)","155 ",11,166
2017-04-14,"GA 216","CGK3-JOG
(Domestic)","150 ",13,163
2017-04-14,"GA 218","CGK3-JOG
(Domestic)","109 ",26,135
2017-04-14,"GA 214","CGK3-JOG
(Domestic)","140 ",18,158
2017-04-14,"GA 212","CGK3-JOG
(Domestic)","129 ",34,163
2017-04-14,"GA 210","CGK3-JOG
(Domestic)","144 ",18,162
2017-04-14,"GA 206","CGK3-JOG
(Domestic)","159 ",5,164
2017-04-14,"GA 204","CGK3-JOG
(Domestic)","154 ",8,162
2017-04-14,"GA 202","CGK3-JOG
(Domestic)","160 ",2,162
2017-04-14,"GA 188","CGK3-KNO
(Domestic)","89 ",23,112
2017-04-14,"GA 190","CGK3-KNO
(Domestic)","105 ",33,138
2017-04-14,"GA 194","CGK3-KNO
(Domestic)","138 ",3,141
2017-04-14,"GA 180","CGK3-KNO
(Domestic)","138 ",8,146
2017-04-14,"GA 122","CGK3-KNO
(Domestic)","77 ",75,152
2017-04-14,"GA 118","CGK3-KNO
(Domestic)","92 ",35,127
2017-04-14,"GA 196","CGK3-KNO
(Domestic)","56 ",45,101
2017-04-14,"GA 182","CGK3-KNO
(Domestic)","140 ",4,144
2017-04-14,"GA 186","CGK3-KNO
(Domestic)","120 ",19,139
2017-04-14,"GA 184","CGK3-KNO
(Domestic)","108 ",28,136
2017-04-14,"GA 456","CGK3-KOE
(Domestic)","61 ",2,63
2017-04-14,"GA 452","CGK3-LBJ
(Domestic)","94 ",1,95
2017-04-14,"GA 434","CGK3-LOP
(Domestic)","154 ",3,157
2017-04-14,"GA 432","CGK3-LOP
(Domestic)","145 ",2,147
2017-04-14,"GA 440","CGK3-LOP
(Domestic)","136 ",20,156
2017-04-14,"GA 430","CGK3-LOP
(Domestic)","157 ",7,164
2017-04-14,"GA 600","CGK3-MDC
(Domestic)","95 ",19,114
2017-04-14,"GA 602","CGK3-MDC
(Domestic)","140 ",0,140
2017-04-14,"GA 626","CGK3-MDC
(Domestic)","78 ",11,89
2017-04-14,"GA 292","CGK3-MLG
(Domestic)","153 ",11,164
2017-04-14,"GA 290","CGK3-MLG
(Domestic)","160 ",8,168
2017-04-14,"GA 160","CGK3-PDG
(Domestic)","160 ",0,160
2017-04-14,"GA 148","CGK3-PDG
(Domestic)","81 ",79,160
2017-04-14,"GA 124","CGK3-PDG
(Domestic)","159 ",2,161
2017-04-14,"GA 162","CGK3-PDG
(Domestic)","144 ",18,162
2017-04-14,"GA 164","CGK3-PDG
(Domestic)","120 ",34,154
2017-04-14,"GA 166","CGK3-PDG
(Domestic)","133 ",24,157
2017-04-14,"GA 168","CGK3-PDG
(Domestic)","125 ",26,151
2017-04-14,"GA 138","CGK3-PGK
(Domestic)","88 ",30,118
2017-04-14,"GA 136","CGK3-PGK
(Domestic)","138 ",15,153
2017-04-14,"GA 176","CGK3-PKU
(Domestic)","110 ",19,129
2017-04-14,"GA 178","CGK3-PKU
(Domestic)","75 ",20,95
2017-04-14,"GA 174","CGK3-PKU
(Domestic)","114 ",18,132
2017-04-14,"GA 170","CGK3-PKU
(Domestic)","128 ",0,128
2017-04-14,"GA 144","CGK3-PKU
(Domestic)","107 ",24,131
2017-04-14,"GA 172","CGK3-PKU
(Domestic)","128 ",16,144
2017-04-14,"GA 198","CGK3-PKU
(Domestic)","55 ",14,69
2017-04-14,"GA 552","CGK3-PKY
(Domestic)","110 ",34,144
2017-04-14,"GA 550","CGK3-PKY
(Domestic)","140 ",2,142
2017-04-14,"GA 104","CGK3-PLM
(Domestic)","114 ",43,157
2017-04-14,"GA 106","CGK3-PLM
(Domestic)","146 ",13,159
2017-04-14,"GA 108","CGK3-PLM
(Domestic)","137 ",23,160
2017-04-14,"GA 102","CGK3-PLM
(Domestic)","151 ",5,156
2017-04-14,"GA 110","CGK3-PLM
(Domestic)","124 ",33,157
2017-04-14,"GA 112","CGK3-PLM
(Domestic)","118 ",36,154
2017-04-14,"GA 114","CGK3-PLM
(Domestic)","86 ",17,103
2017-04-14,"GA 100","CGK3-PLM
(Domestic)","151 ",1,152
2017-04-14,"GA 116","CGK3-PLM
(Domestic)","90 ",27,117
2017-04-14,"GA 120","CGK3-PLM
(Domestic)","68 ",31,99
2017-04-14,"GA 622","CGK3-PLW
(Domestic)","78 ",12,90
2017-04-14,"GA 514","CGK3-PNK
(Domestic)","73 ",4,77
2017-04-14,"GA 512","CGK3-PNK
(Domestic)","107 ",22,129
2017-04-14,"GA 508","CGK3-PNK
(Domestic)","36 ",17,53
2017-04-14,"GA 504","CGK3-PNK
(Domestic)","98 ",7,105
2017-04-14,"GA 502","CGK3-PNK
(Domestic)","95 ",10,105
2017-04-14,"GA 510","CGK3-PNK
(Domestic)","54 ",11,65
2017-04-14,"GA 500","CGK3-PNK
(Domestic)","130 ",2,132
2017-04-14,"GA 226","CGK3-SOC
(Domestic)","132 ",25,157
2017-04-14,"GA 224","CGK3-SOC
(Domestic)","143 ",19,162
2017-04-14,"GA 222","CGK3-SOC
(Domestic)","155 ",3,158
2017-04-14,"GA 220","CGK3-SOC
(Domestic)","158 ",3,161
2017-04-14,"GA 230","CGK3-SRG
(Domestic)","158 ",1,159
2017-04-14,"GA 246","CGK3-SRG
(Domestic)","108 ",17,125
2017-04-14,"GA 244","CGK3-SRG
(Domestic)","105 ",16,121
2017-04-14,"GA 242","CGK3-SRG
(Domestic)","100 ",9,109
2017-04-14,"GA 240","CGK3-SRG
(Domestic)","124 ",21,145
2017-04-14,"GA 238","CGK3-SRG
(Domestic)","134 ",22,156
2017-04-14,"GA 236","CGK3-SRG
(Domestic)","144 ",19,163
2017-04-14,"GA 234","CGK3-SRG
(Domestic)","149 ",16,165
2017-04-14,"GA 232","CGK3-SRG
(Domestic)","152 ",6,158
2017-04-14,"GA 448","CGK3-SUB
(Domestic)","93 ",17,110
2017-04-14,"GA 302","CGK3-SUB
(Domestic)","153 ",3,156
2017-04-14,"GA 304","CGK3-SUB
(Domestic)","156 ",3,159
2017-04-14,"GA 324","CGK3-SUB
(Domestic)","85 ",6,91
2017-04-14,"GA 326","CGK3-SUB
(Domestic)","94 ",8,102
2017-04-14,"GA 320","CGK3-SUB
(Domestic)","113 ",15,128
2017-04-14,"GA 318","CGK3-SUB
(Domestic)","166 ",23,189
2017-04-14,"GA 316","CGK3-SUB
(Domestic)","130 ",7,137
2017-04-14,"GA 314","CGK3-SUB
(Domestic)","193 ",18,211
2017-04-14,"GA 312","CGK3-SUB
(Domestic)","137 ",21,158
2017-04-14,"GA 310","CGK3-SUB
(Domestic)","149 ",13,162
2017-04-14,"GA 328","CGK3-SUB
(Domestic)","54 ",7,61
2017-04-14,"GA 308","CGK3-SUB
(Domestic)","157 ",7,164
2017-04-14,"GA 306","CGK3-SUB
(Domestic)","157 ",1,158
2017-04-14,"GA 322","CGK3-SUB
(Domestic)","67 ",11,78
2017-04-14,"GA 284","CGK3-TJQ
(Domestic)","88 ",6,94
2017-04-14,"GA 282","CGK3-TJQ
(Domestic)","90 ",0,90
2017-04-14,"GA 70","CGK3-TKG
(Domestic)","147 ",5,152
2017-04-14,"GA 72","CGK3-TKG
(Domestic)","142 ",26,168
2017-04-14,"GA 74","CGK3-TKG
(Domestic)","143 ",21,164
2017-04-14,"GA 78","CGK3-TKG
(Domestic)","123 ",26,149
2017-04-14,"GA 76","CGK3-TKG
(Domestic)","127 ",30,157
2017-04-14,"GA 68","CGK3-TKG
(Domestic)","102 ",28,130
2017-04-14,"GA 80","CGK3-TKG
(Domestic)","155 ",1,156
2017-04-14,"GA 286","CGK3-TNJ
(Domestic)","143 ",11,154
2017-04-14,"GA 668","CGK3-TRK
(Domestic)","80 ",0,80
2017-04-14,"GA 608","CGK3-UPG
(Domestic)","149 ",12,161
2017-04-14,"GA 610","CGK3-UPG
(Domestic)","138 ",12,150
2017-04-14,"GA 612","CGK3-UPG
(Domestic)","126 ",11,137
2017-04-14,"GA 604","CGK3-UPG
(Domestic)","158 ",2,160
2017-04-14,"GA 642","CGK3-UPG
(Domestic)","158 ",2,160
2017-04-14,"GA 654","CGK3-UPG
(Domestic)","144 ",2,146
2017-04-14,"GA 616","CGK3-UPG
(Domestic)","134 ",16,150
2017-04-14,"GA 650","CGK3-UPG
(Domestic)","83 ",42,125
2017-04-14,"GA 618","CGK3-UPG
(Domestic)","140 ",15,155
2017-04-14,"GA 640","CGK3-UPG
(Domestic)","69 ",8,77
2017-04-14,"GA 614","CGK3-UPG
(Domestic)","96 ",5,101
