"Flight Date","Flight No.",Route,"Paying Pax","Non-Paying Pax","Total Pax"
2017-04-21,"GA 270","KNO-BTH
(Domestic)","84 ",0,84
2017-04-21,"GA 121","KNO-CGK
(Domestic)","124 ",3,127
2017-04-21,"GA 197","KNO-CGK
(Domestic)","120 ",0,120
2017-04-21,"GA 195","KNO-CGK
(Domestic)","121 ",9,130
2017-04-21,"GA 193","KNO-CGK
(Domestic)","124 ",19,143
2017-04-21,"GA 191","KNO-CGK
(Domestic)","134 ",2,136
2017-04-21,"GA 189","KNO-CGK
(Domestic)","126 ",0,126
2017-04-21,"GA 187","KNO-CGK
(Domestic)","123 ",4,127
2017-04-21,"GA 185","KNO-CGK
(Domestic)","103 ",4,107
2017-04-21,"GA 183","KNO-CGK
(Domestic)","140 ",0,140
2017-04-21,"GA 123","KNO-CGK
(Domestic)","120 ",1,121
2017-04-21,"GA 7116","KNO-GNS
(Domestic)","66 ",3,69
2017-04-21,"GA 7124","KNO-LSW
(Domestic)","43 ",21,64
2017-04-21,"GA 266","KNO-PLM
(Domestic)","89 ",0,89
2017-04-21,"GA 7112","KNO-SBG
(Domestic)","54 ",16,70
2017-04-21,"GA 850","KNO-SIN
(International)","131 ",3,134
2017-04-21,"MH 861","KNO-KUL
(International)","147 ",3,150
2017-04-21,"MH 865","KNO-KUL
(International)","131 ",2,133
2017-04-21,"MI 233","KNO-SIN
(International)","147 ",2,149
2017-04-21,"MI 237","KNO-SIN
(International)","154 ",0,154
